8.3251E-05
8.3215E-05
8.3043E-05
8.3710E-05
8.4641E-05
8.5084E-05
8.5129E-05
8.4995E-05
8.4776E-05
8.4645E-05
8.4723E-05
8.4423E-05
8.4072E-05
8.3802E-05
8.3842E-05
8.3843E-05
8.4437E-05
8.5069E-05
8.4648E-05
8.5160E-05
8.4548E-05
8.5259E-05
8.5593E-05
8.6075E-05
8.6299E-05
8.5720E-05
8.6317E-05
8.7148E-05
8.6813E-05
8.7059E-05
8.7501E-05
8.6315E-05
8.5544E-05
8.5249E-05
8.5505E-05
8.6406E-05
8.8109E-05
9.0849E-05
8.9904E-05
8.9500E-05
8.9090E-05
8.9319E-05
8.9224E-05
8.8631E-05
8.8688E-05
8.8008E-05
8.7922E-05
8.7672E-05
8.7182E-05
8.7487E-05
8.6469E-05
8.6458E-05
8.6333E-05
8.5358E-05
8.4485E-05
8.4276E-05
8.3037E-05
8.3440E-05
8.2856E-05
8.2983E-05
8.1047E-05
8.2517E-05
8.0217E-05
8.1232E-05
8.1428E-05
8.1525E-05
8.0255E-05
8.0303E-05
7.9489E-05
7.8264E-05
7.8157E-05
7.9225E-05
7.8252E-05
7.6521E-05
7.7742E-05
7.7639E-05
7.7750E-05
7.7054E-05
7.6491E-05
7.6570E-05
7.7102E-05
7.6382E-05
7.5731E-05
7.6458E-05
7.4651E-05
7.5775E-05
7.6007E-05
7.4492E-05
7.6218E-05
7.8416E-05
7.8326E-05
7.9718E-05
8.2507E-05
8.4616E-05
8.6016E-05
8.8050E-05
9.0693E-05
9.3127E-05
9.5336E-05
9.7070E-05
9.9450E-05
1.0149E-04
1.0295E-04
1.0518E-04
1.0528E-04
1.0588E-04
1.0583E-04
1.0444E-04
1.0381E-04
1.0193E-04
1.0038E-04
9.8291E-05
9.6472E-05
9.5542E-05
9.4594E-05
9.4467E-05
9.5013E-05
9.5411E-05
9.5128E-05
9.2472E-05
9.1153E-05
8.9719E-05
9.0804E-05
9.2286E-05
9.3797E-05
9.4140E-05
9.2566E-05
9.0979E-05
8.9427E-05
8.8670E-05
8.7922E-05
8.7981E-05
8.7692E-05
8.7748E-05
8.6735E-05
8.6231E-05